City,αi,αN,σ,logL
Roskilde,0.145,0.0,0.524,104.8418
Copenhagen,1.0,0.0,0.2694,582.7692
Aarhus,0.07,0.0,0.3912,314.9224
Frederiksberg,0.0,0.015,0.4629,193.9813
Kalundborg,0.545,0.0,0.6927,-89.125
Middelfart,0.05,0.0,0.6194,-13.9321
Gentofte,0.235,0.0,0.5213,108.8143
Solrød,0.06,0.225,0.6247,-19.3507
Allerød,0.105,0.1,0.6046,0.4865
Dragør,0.095,0.105,0.6009,5.5002
Helsingør,0.0,0.0,0.6484,-47.4886
Hillerød,0.0,0.0,0.6169,-12.1761
Rudersdal,0.0,0.55,0.5928,19.9576
Næstved,0.24,0.0,0.5856,25.1242
Aalborg,0.195,0.09,0.3861,319.5797
Vallensbæk,1.0,0.0,0.701,-102.5023
Esbjerg,1.0,0.0,0.5505,71.5447
Favrskov,0.0,0.08,0.6444,-43.5563
Frederikssund,0.11,0.105,0.6177,-14.4411
Furesø,0.0,0.0,0.6199,-15.6068
Greve,0.605,0.0,0.5765,39.268
Holbæk,1.0,1.0,0.5837,31.352
Kolding,0.12,0.1,0.531,93.5327
Odense,0.0,0.0,0.4436,224.5654
Silkeborg,0.075,0.135,0.5955,14.6471
Skanderborg,0.015,0.0,0.6343,-32.182
Vejle,0.0,0.0,0.5082,127.0999
Aabenraa,0.315,0.0,0.6435,-42.655
Ballerup,0.07,0.0,0.5896,20.4739
Egedal,1.0,0.0,0.6338,-28.6605
Faxe,0.125,0.1,0.6763,-78.9448
Fredericia,0.065,0.0,0.6486,-47.038
Faaborg-Midtfyn,1.0,0.135,0.6657,-67.9459
Gladsaxe,0.13,1.0,0.5028,134.4685
Guldborgsund,1.0,0.0,0.6352,-32.7611
Haderslev,0.0,0.86,0.6411,-39.4903
Halsnæs,0.125,0.1,0.6196,-16.1953
Herlev,0.175,0.0,0.6216,-17.9328
Herning,0.11,0.0,0.5494,70.9924
Hjørring,0.0,0.075,0.661,-59.1598
Horsens,0.33,0.0,0.5184,112.9827
Hvidovre,0.07,0.105,0.5292,97.8776
Hørsholm,0.095,0.105,0.6427,-42.4771
Køge,0.08,0.69,0.5575,60.2056
Lejre,0.15,0.12,0.566,48.5636
Lolland,0.295,0.0,0.6205,-16.9613
Lyngby-Taarbæk,0.58,0.0,0.6116,-5.9819
Nordfyns,0.81,0.0,0.6514,-45.7245
Nyborg,0.005,0.075,0.5636,52.0439
Randers,0.0,0.0,0.5862,24.4795
Rødovre,1.0,1.0,0.5391,85.2793
Skive,0.0,0.105,0.652,-53.2954
Slagelse,0.1,1.0,0.6152,-10.1976
Sorø,0.215,0.145,0.6356,-35.4956
Stevns,0.105,0.0,0.6252,-19.9453
Svendborg,0.18,0.11,0.6169,-12.4794
Syddjurs,0.0,0.0,0.6347,-31.9017
Sønderborg,0.12,0.0,0.6124,-7.1739
Vejen,0.155,0.0,0.6451,-45.2755
Viborg,0.09,1.0,0.6505,-50.0441
Vordingborg,0.12,0.105,0.5781,29.5012
Billund,0.045,0.13,0.653,-53.2622
Brøndby,0.12,0.0,0.5158,116.1672
Frederikshavn,0.095,0.0,0.6617,-62.2445
Gribskov,0.06,0.0,0.5671,48.9123
Holstebro,0.0,0.02,0.5569,63.1972
Kerteminde,0.1,1.0,0.6336,-31.3314
Mariagerfjord,0.065,0.125,0.6501,-48.2495
Norddjurs,0.865,0.14,0.6246,-19.177
Odder,0.0,0.095,0.6124,-7.5183
Odsherred,0.09,0.0,0.5921,17.4887
Rebild,0.915,0.36,0.583,33.701
Ringkøbing-Skjern,0.335,0.11,0.6532,-52.1879
Vesthimmerlands,0.19,0.1,0.6242,-23.277
Glostrup,0.09,1.0,0.6634,-64.2176
Høje-Taastrup,0.05,0.0,0.5269,101.1757
Jammerbugt,0.225,0.0,0.6172,-12.8277
Morsø,0.585,0.105,0.5181,112.9182
Thisted,0.155,0.105,0.6092,-4.703
Tønder,0.24,0.0,0.5793,33.1768
Tårnby,0.085,0.115,0.5376,86.3934
Assens,0.17,0.08,0.6047,0.0555
Fredensborg,0.1,0.0,0.5534,65.8484
Ishøj,0.04,0.225,0.6246,-19.4959
Lemvig,0.275,0.095,0.5192,110.6277
Albertslund,0.105,0.0,0.5972,11.0432
Bornholm,0.01,0.09,0.5593,56.7019
Ikast-Brande,0.09,0.745,0.5819,34.2578
Langeland,0.215,0.0,0.5329,89.2363
Ringsted,0.065,0.0,0.6476,-45.0078
Struer,0.0,0.0,0.595,14.2885
Brønderslev,0.125,0.14,0.65,-50.2961
Hedensted,0.0,0.0,0.6518,-51.7241
Varde,0.1,0.105,0.624,-22.069
