City,αi,αN,σ,logL
Roskilde,0.0,0.0,0.5414,82.2504
Copenhagen,0.08,0.12,0.293,520.6881
Aarhus,0.095,1.0,0.4898,153.7906
Frederiksberg,0.25,1.0,0.532,94.2968
Kalundborg,0.0,0.0,0.7092,-109.4612
Middelfart,0.985,0.08,0.6883,-79.9197
Gentofte,1.0,0.225,0.5656,55.2431
Solrød,0.075,0.0,0.7599,-161.6406
Allerød,0.68,0.18,0.6738,-74.4896
Dragør,1.0,0.0,0.6577,-56.1976
Helsingør,0.1,1.0,0.714,-117.0823
Hillerød,0.005,0.98,0.6613,-59.5903
Rudersdal,0.265,0.11,0.6359,-34.1437
Næstved,0.04,0.0,0.6774,-78.2237
Aalborg,1.0,0.0,0.5089,127.6788
Vallensbæk,0.115,0.935,0.7467,-145.7021
Esbjerg,0.055,0.0,0.6585,-58.1015
Favrskov,1.0,0.0,0.7382,-140.0273
Frederikssund,1.0,0.075,0.7065,-107.3458
Furesø,0.62,0.0,0.6654,-65.9252
Greve,0.06,0.0,0.6068,0.3759
Holbæk,0.0,0.0,0.6232,-17.7104
Kolding,0.895,0.0,0.6433,-40.6851
Odense,0.0,0.0,0.5908,19.1496
Silkeborg,0.0,0.0,0.7073,-108.1473
Skanderborg,0.35,0.0,0.7258,-128.5128
Vejle,0.26,0.0,0.5667,49.1306
Aabenraa,0.1,1.0,0.7397,-141.9107
Ballerup,0.065,0.0,0.6358,-33.3507
Egedal,0.175,1.0,0.6863,-88.7569
Faxe,0.13,0.0,0.7376,-140.679
Fredericia,0.715,1.0,0.7406,-141.463
Faaborg-Midtfyn,1.0,0.0,0.7482,-147.895
Gladsaxe,0.32,0.095,0.5696,45.5457
Guldborgsund,1.0,0.0,0.7026,-105.2414
Haderslev,0.18,0.0,0.7365,-139.4037
Halsnæs,0.075,0.12,0.6797,-81.8591
Herlev,0.085,0.0,0.7339,-136.3144
Herning,1.0,1.0,0.6764,-73.0414
Hjørring,1.0,0.0,0.8177,-212.388
Horsens,0.49,0.0,0.6274,-21.0547
Hvidovre,1.0,1.0,0.6228,-17.8691
Hørsholm,0.18,0.085,0.7111,-116.0771
Køge,0.0,1.0,0.6719,-71.6624
Lejre,1.0,0.0,0.6596,-56.2251
Lolland,0.095,0.0,0.695,-97.0894
Lyngby-Taarbæk,0.0,1.0,0.6415,-39.3395
Nordfyns,0.09,0.11,0.6982,-102.3266
Nyborg,0.445,0.08,0.6507,-52.4259
Randers,0.0,0.1,0.6616,-62.959
Rødovre,0.0,0.99,0.6148,-8.3048
Skive,0.395,0.105,0.7251,-128.9496
Slagelse,0.995,0.57,0.6596,-57.1898
Sorø,0.085,0.0,0.7348,-137.2221
Stevns,0.04,0.0,0.6913,-91.7221
Svendborg,0.0,0.0,0.7307,-133.5997
Syddjurs,0.0,0.0,0.7629,-163.7608
Sønderborg,0.035,0.0,0.7531,-153.9189
Vejen,1.0,0.0,0.7331,-133.7222
Viborg,0.095,0.0,0.677,-78.7422
Vordingborg,0.875,0.0,0.7387,-140.4367
Billund,0.02,0.0,0.7212,-122.7144
Brøndby,0.045,0.0,0.6023,6.1493
Frederikshavn,0.0,0.0,0.7482,-146.5285
Gribskov,0.0,0.0,0.7093,-110.0526
Holstebro,0.13,0.1,0.6509,-52.2337
Kerteminde,0.15,0.105,0.6863,-90.2261
Mariagerfjord,0.085,0.11,0.7337,-136.6575
Norddjurs,1.0,1.0,0.7064,-109.2035
Odder,0.0,0.0,0.6946,-96.1361
Odsherred,0.075,0.0,0.6348,-31.9698
Rebild,0.0,0.0,0.6766,-77.7637
Ringkøbing-Skjern,0.17,0.935,0.7452,-146.4551
Vesthimmerlands,0.385,1.0,0.7125,-112.2583
Glostrup,0.08,1.0,0.6953,-97.3865
Høje-Taastrup,0.0,0.035,0.5786,34.4788
Jammerbugt,0.19,1.0,0.7228,-126.2683
Morsø,0.89,0.0,0.6904,-90.8173
Thisted,1.0,0.0,0.7059,-101.9231
Tønder,0.0,0.0,0.717,-114.721
Tårnby,1.0,0.085,0.5972,12.3133
Assens,0.17,0.0,0.7001,-103.0941
Fredensborg,0.22,0.0,0.6162,-11.6356
Ishøj,0.76,1.0,0.6762,-75.5821
Lemvig,0.11,0.105,0.611,-6.7509
Albertslund,0.0,0.0,0.6705,-70.5892
Bornholm,0.635,0.0,0.6328,-29.5451
Ikast-Brande,0.37,0.0,0.6863,-88.4206
Langeland,0.1,0.1,0.5334,89.4166
Ringsted,0.52,1.0,0.7055,-106.8353
Struer,0.1,1.0,0.6945,-97.2022
Brønderslev,0.06,0.13,0.7442,-145.3611
Hedensted,0.13,0.0,0.7691,-170.4846
Varde,0.0,0.0,0.7706,-171.59
