City,αi,αN,σ,logL
Roskilde,0.12,0.1,0.1459,1022.2919
Copenhagen,0.31,0.49,0.0421,1920.702
Aarhus,0.185,0.795,0.1356,1077.8137
Frederiksberg,0.11,0.0,0.1153,1191.7786
Kalundborg,0.06,1.0,0.2072,772.6681
Middelfart,0.0,0.105,0.1683,920.5113
Gentofte,0.0,0.115,0.1504,1004.614
Solrød,0.09,1.0,0.205,778.9884
Allerød,0.0,0.06,0.1936,820.5191
Dragør,1.0,0.125,0.1556,977.0047
Helsingør,0.095,0.24,0.1529,989.0831
Hillerød,0.1,0.3,0.1503,1002.6532
Rudersdal,0.0,0.74,0.1391,1057.4646
Næstved,0.0,1.0,0.1522,993.877
Aalborg,0.0,0.0,0.1496,1005.0704
Vallensbæk,0.085,0.13,0.1815,866.1771
Esbjerg,0.0,0.0,0.1295,1108.8382
Favrskov,0.77,0.415,0.1938,819.2426
Frederikssund,0.0,1.0,0.1386,1061.0368
Furesø,0.08,0.0,0.1712,908.7237
Greve,1.0,0.0,0.1542,984.3
Holbæk,1.0,1.0,0.1588,964.8619
Kolding,0.02,0.235,0.151,999.2626
Odense,0.0,0.0,0.1448,1028.2813
Silkeborg,0.04,1.0,0.1527,991.0416
Skanderborg,0.085,1.0,0.1571,970.3991
Vejle,0.06,0.0,0.1275,1120.4609
Aabenraa,0.1,1.0,0.1914,828.2975
Ballerup,1.0,0.965,0.1568,972.8936
Egedal,0.095,1.0,0.1521,993.428
Faxe,0.565,0.15,0.2038,783.1155
Fredericia,0.0,0.14,0.1734,900.9852
Faaborg-Midtfyn,0.0,0.0,0.1704,914.2322
Gladsaxe,0.02,0.155,0.1361,1072.671
Guldborgsund,0.14,1.0,0.1948,815.9158
Haderslev,0.15,0.055,0.1587,962.5304
Halsnæs,0.5,1.0,0.2335,685.9224
Herlev,0.0,0.0,0.1782,882.4089
Herning,0.0,1.0,0.153,988.7937
Hjørring,0.88,0.0,0.1982,803.6839
Horsens,0.1,1.0,0.1585,963.5063
Hvidovre,0.545,0.86,0.1472,1020.1476
Hørsholm,0.115,0.12,0.2014,791.3473
Køge,0.395,0.3,0.1685,919.6827
Lejre,0.0,0.0,0.194,818.5208
Lolland,0.0,1.0,0.2072,775.0951
Lyngby-Taarbæk,0.205,1.0,0.1453,1029.2052
Nordfyns,0.07,1.0,0.1937,820.0707
Nyborg,0.14,0.115,0.2058,775.3829
Randers,0.0,0.105,0.1445,1029.7055
Rødovre,0.0,0.0,0.1574,968.4262
Skive,0.0,0.105,0.1985,802.8199
Slagelse,0.11,1.0,0.1393,1056.1986
Sorø,0.05,1.0,0.2053,779.2018
Stevns,0.075,0.115,0.2037,783.233
Svendborg,0.0,0.0,0.1626,945.0835
Syddjurs,0.0,0.0,0.2294,699.9177
Sønderborg,0.0,1.0,0.1939,819.3569
Vejen,0.21,1.0,0.1502,1002.1677
Viborg,0.0,0.99,0.1568,973.4294
Vordingborg,1.0,0.0,0.2204,728.274
Billund,0.15,1.0,0.1743,895.418
Brøndby,0.09,1.0,0.1326,1092.1895
Frederikshavn,0.05,0.0,0.1897,835.684
Gribskov,0.0,0.12,0.2082,767.4259
Holstebro,1.0,1.0,0.195,816.8962
Kerteminde,0.1,0.47,0.1883,840.4589
Mariagerfjord,0.49,0.105,0.1783,879.3301
Norddjurs,0.05,0.275,0.209,765.5394
Odder,0.0,0.0,0.2054,779.0188
Odsherred,0.16,1.0,0.2125,752.8062
Rebild,0.075,0.095,0.1962,810.5067
Ringkøbing-Skjern,0.13,0.11,0.1855,850.1883
Vesthimmerlands,0.125,1.0,0.2409,662.0382
Glostrup,0.145,0.115,0.1533,986.3389
Høje-Taastrup,0.24,1.0,0.1268,1124.0023
Jammerbugt,0.095,0.14,0.1741,897.4381
Morsø,1.0,0.0,0.2486,640.55
Thisted,1.0,1.0,0.211,759.9373
Tønder,0.01,0.0,0.1802,872.2873
Tårnby,0.03,1.0,0.1602,956.0612
Assens,0.095,1.0,0.1821,864.2157
Fredensborg,0.635,1.0,0.1479,1013.8103
Ishøj,0.065,0.845,0.1651,937.3712
Lemvig,0.105,0.295,0.2385,670.7114
Albertslund,0.125,0.97,0.1612,951.7229
Bornholm,0.11,0.135,0.2346,681.9962
Ikast-Brande,1.0,0.675,0.199,801.2458
Langeland,0.095,0.24,0.2658,592.7122
Ringsted,0.08,1.0,0.1835,858.7974
Struer,0.1,0.0,0.241,662.5484
Brønderslev,0.05,1.0,0.211,759.0554
Hedensted,0.405,0.0,0.1648,935.9729
Varde,0.0,1.0,0.1948,817.0023
